image_width: 640
image_height: 480
camera_name: head_camera
camera_matrix:
  rows: 3
  cols: 3
  data: [366.3556122855779, 0, 325.0733144202586, 0, 367.2717029990004, 245.1735619560805, 0, 0, 1]
distortion_model: plumb_bob
distortion_coefficients:
  rows: 1
  cols: 5
  data: [-0.3292967642853389, 0.09233367730080073, -0.001401000930373106, 0.001668566386885811, 0]
rectification_matrix:
  rows: 3
  cols: 3
  data: [1, 0, 0, 0, 1, 0, 0, 0, 1]
projection_matrix:
  rows: 3
  cols: 4
  data: [267.6725769042969, 0, 326.2168909297179, 0, 0, 305.6574096679688, 246.1924050600064, 0, 0, 0, 1, 0]
